  -1.6822429906542054E-003  -1.6822429906542054E-003  -1.6822429906542054E-003  -1.6822429906542054E-003  -1.6822429906542054E-003  -1.6822429906542054E-003  -1.6822429906542054E-003  -1.6822429906542054E-003  -1.6822429906542054E-003  -1.6822429906542054E-003  -1.6822429906542054E-003  -1.6822429906542054E-003  -1.6822429906542054E-003  -1.6822429906542054E-003  -1.6822429906542054E-003  -1.6822429906542054E-003  -1.6822429906542054E-003  -1.6822429906542054E-003  -1.6822429906542054E-003  -1.6822429906542054E-003   0.0000000000000000        0.0000000000000000        0.0000000000000000        0.0000000000000000       -1.6822429906542054E-003  -1.6822429906542054E-003  -1.6822429906542054E-003  -1.6822429906542054E-003  -1.6822429906542054E-003  -1.6822429906542054E-003  -1.6822429906542054E-003  -1.6822429906542054E-003  -1.6822429906542054E-003  -1.6822429906542054E-003  -1.6822429906542054E-003  -1.6822429906542054E-003
   0.0000000000000000        0.0000000000000000        0.0000000000000000        0.0000000000000000        0.0000000000000000        0.0000000000000000        0.0000000000000000        0.0000000000000000        0.0000000000000000        0.0000000000000000        0.0000000000000000        0.0000000000000000        0.0000000000000000        0.0000000000000000        0.0000000000000000        0.0000000000000000        0.0000000000000000        0.0000000000000000        0.0000000000000000       -1.6822429906542054E-003  -1.6822429906542054E-003   0.0000000000000000        0.0000000000000000       -1.6822429906542054E-003  -1.6822429906542054E-003  -1.6822429906542054E-003  -1.6822429906542054E-003  -1.6822429906542054E-003   0.0000000000000000        0.0000000000000000        0.0000000000000000        0.0000000000000000        0.0000000000000000        0.0000000000000000        0.0000000000000000        0.0000000000000000     
   0.0000000000000000        0.0000000000000000        0.0000000000000000        0.0000000000000000        0.0000000000000000        0.0000000000000000        1.8556701030927830E-003   1.8556701030927830E-003   1.8556701030927830E-003   1.8556701030927830E-003   1.8556701030927830E-003   1.8556701030927830E-003   0.0000000000000000        0.0000000000000000        0.0000000000000000        0.0000000000000000        0.0000000000000000        0.0000000000000000        0.0000000000000000        0.0000000000000000       -1.6822429906542054E-003  -1.6822429906542054E-003  -1.6822429906542054E-003  -1.6822429906542054E-003  -1.6822429906542054E-003  -1.6822429906542054E-003   0.0000000000000000        0.0000000000000000        0.0000000000000000        0.0000000000000000        0.0000000000000000        0.0000000000000000        0.0000000000000000        0.0000000000000000        0.0000000000000000        0.0000000000000000     
   0.0000000000000000        0.0000000000000000        0.0000000000000000        0.0000000000000000        1.8556701030927830E-003   1.8556701030927830E-003   1.8556701030927830E-003   1.8556701030927830E-003   1.8556701030927830E-003   1.8556701030927830E-003   1.8556701030927830E-003   1.8556701030927830E-003   1.8556701030927830E-003   0.0000000000000000        0.0000000000000000        0.0000000000000000        0.0000000000000000        0.0000000000000000        0.0000000000000000        0.0000000000000000       -1.6822429906542054E-003  -1.6822429906542054E-003  -1.6822429906542054E-003  -1.6822429906542054E-003  -1.6822429906542054E-003   0.0000000000000000        0.0000000000000000        0.0000000000000000        0.0000000000000000        0.0000000000000000        0.0000000000000000        0.0000000000000000        0.0000000000000000        0.0000000000000000        0.0000000000000000        0.0000000000000000     
   0.0000000000000000        0.0000000000000000        0.0000000000000000        0.0000000000000000        1.8556701030927830E-003   1.8556701030927830E-003   1.8556701030927830E-003   1.8556701030927830E-003   1.8556701030927830E-003   1.8556701030927830E-003   1.8556701030927830E-003   1.8556701030927830E-003   1.8556701030927830E-003   1.8556701030927830E-003   0.0000000000000000        0.0000000000000000        0.0000000000000000        0.0000000000000000        0.0000000000000000        0.0000000000000000       -1.6822429906542054E-003  -1.6822429906542054E-003  -1.6822429906542054E-003  -1.6822429906542054E-003  -1.6822429906542054E-003  -1.6822429906542054E-003   0.0000000000000000        0.0000000000000000        0.0000000000000000        0.0000000000000000        0.0000000000000000        0.0000000000000000        0.0000000000000000        0.0000000000000000        0.0000000000000000        0.0000000000000000     
   0.0000000000000000        0.0000000000000000        0.0000000000000000        1.8556701030927830E-003   1.8556701030927830E-003   1.8556701030927830E-003   1.8556701030927830E-003   1.8556701030927830E-003   1.8556701030927830E-003   1.8556701030927830E-003   1.8556701030927830E-003   1.8556701030927830E-003   1.8556701030927830E-003   1.8556701030927830E-003   0.0000000000000000        0.0000000000000000        0.0000000000000000        0.0000000000000000        0.0000000000000000       -1.6822429906542054E-003  -1.6822429906542054E-003  -1.6822429906542054E-003  -1.6822429906542054E-003  -1.6822429906542054E-003  -1.6822429906542054E-003  -1.6822429906542054E-003   0.0000000000000000        0.0000000000000000        0.0000000000000000        0.0000000000000000        0.0000000000000000        0.0000000000000000        0.0000000000000000        0.0000000000000000        0.0000000000000000        0.0000000000000000     
   0.0000000000000000        0.0000000000000000        0.0000000000000000        1.8556701030927830E-003   1.8556701030927830E-003   1.8556701030927830E-003   1.8556701030927830E-003   1.8556701030927830E-003   1.8556701030927830E-003   1.8556701030927830E-003   1.8556701030927830E-003   1.8556701030927830E-003   1.8556701030927830E-003   1.8556701030927830E-003   0.0000000000000000        0.0000000000000000        0.0000000000000000        0.0000000000000000       -1.6822429906542054E-003  -1.6822429906542054E-003  -1.6822429906542054E-003  -1.6822429906542054E-003  -1.6822429906542054E-003  -1.6822429906542054E-003  -1.6822429906542054E-003   0.0000000000000000        0.0000000000000000        0.0000000000000000        0.0000000000000000        0.0000000000000000        0.0000000000000000        0.0000000000000000        0.0000000000000000        0.0000000000000000        0.0000000000000000        0.0000000000000000     
   0.0000000000000000        0.0000000000000000        0.0000000000000000        1.8556701030927830E-003   1.8556701030927830E-003   1.8556701030927830E-003   1.8556701030927830E-003   1.8556701030927830E-003   1.8556701030927830E-003   1.8556701030927830E-003   1.8556701030927830E-003   1.8556701030927830E-003   1.8556701030927830E-003   1.8556701030927830E-003   0.0000000000000000        0.0000000000000000        0.0000000000000000        0.0000000000000000       -1.6822429906542054E-003  -1.6822429906542054E-003  -1.6822429906542054E-003  -1.6822429906542054E-003  -1.6822429906542054E-003  -1.6822429906542054E-003  -1.6822429906542054E-003  -1.6822429906542054E-003  -1.6822429906542054E-003  -1.6822429906542054E-003  -1.6822429906542054E-003  -1.6822429906542054E-003   0.0000000000000000        0.0000000000000000        0.0000000000000000        0.0000000000000000        0.0000000000000000        0.0000000000000000     
   0.0000000000000000        0.0000000000000000        1.8556701030927830E-003   1.8556701030927830E-003   1.8556701030927830E-003   1.8556701030927830E-003   1.8556701030927830E-003   1.8556701030927830E-003   1.8556701030927830E-003   1.8556701030927830E-003   1.8556701030927830E-003   1.8556701030927830E-003   1.8556701030927830E-003   1.8556701030927830E-003   1.8556701030927830E-003   0.0000000000000000        0.0000000000000000        0.0000000000000000       -1.6822429906542054E-003  -1.6822429906542054E-003  -1.6822429906542054E-003  -1.6822429906542054E-003  -1.6822429906542054E-003  -1.6822429906542054E-003  -1.6822429906542054E-003   0.0000000000000000        0.0000000000000000        0.0000000000000000        0.0000000000000000        0.0000000000000000        0.0000000000000000        0.0000000000000000        0.0000000000000000        0.0000000000000000        0.0000000000000000        0.0000000000000000     
   0.0000000000000000        0.0000000000000000        1.8556701030927830E-003   1.8556701030927830E-003   1.8556701030927830E-003   1.8556701030927830E-003   1.8556701030927830E-003   1.8556701030927830E-003   1.8556701030927830E-003   1.8556701030927830E-003   1.8556701030927830E-003   1.8556701030927830E-003   1.8556701030927830E-003   1.8556701030927830E-003   1.8556701030927830E-003   0.0000000000000000       -1.6822429906542054E-003  -1.6822429906542054E-003  -1.6822429906542054E-003  -1.6822429906542054E-003  -1.6822429906542054E-003  -1.6822429906542054E-003  -1.6822429906542054E-003  -1.6822429906542054E-003  -1.6822429906542054E-003   0.0000000000000000        0.0000000000000000        0.0000000000000000        0.0000000000000000        0.0000000000000000        0.0000000000000000        0.0000000000000000        0.0000000000000000        0.0000000000000000        0.0000000000000000        0.0000000000000000     
   0.0000000000000000        0.0000000000000000        1.8556701030927830E-003   1.8556701030927830E-003   1.8556701030927830E-003   1.8556701030927830E-003   1.8556701030927830E-003   1.8556701030927830E-003   1.8556701030927830E-003   1.8556701030927830E-003   1.8556701030927830E-003   1.8556701030927830E-003   1.8556701030927830E-003   1.8556701030927830E-003   1.8556701030927830E-003   0.0000000000000000       -1.6822429906542054E-003  -1.6822429906542054E-003  -1.6822429906542054E-003  -1.6822429906542054E-003  -1.6822429906542054E-003  -1.6822429906542054E-003  -1.6822429906542054E-003  -1.6822429906542054E-003  -1.6822429906542054E-003   0.0000000000000000        0.0000000000000000        0.0000000000000000        0.0000000000000000        0.0000000000000000        0.0000000000000000        0.0000000000000000        0.0000000000000000        0.0000000000000000        0.0000000000000000        0.0000000000000000     
   0.0000000000000000        8.3743842364532002E-004   8.3743842364532002E-004   8.3743842364532002E-004   8.3743842364532002E-004   8.3743842364532002E-004   8.3743842364532002E-004   8.3743842364532002E-004   8.3743842364532002E-004   8.3743842364532002E-004   8.3743842364532002E-004   8.3743842364532002E-004   8.3743842364532002E-004   8.3743842364532002E-004   8.3743842364532002E-004   0.0000000000000000       -2.1518987341772149E-003  -2.1518987341772149E-003  -2.1518987341772149E-003  -2.1518987341772149E-003  -2.1518987341772149E-003  -2.1518987341772149E-003  -2.1518987341772149E-003  -2.1518987341772149E-003  -2.1518987341772149E-003   0.0000000000000000        0.0000000000000000        0.0000000000000000        0.0000000000000000        0.0000000000000000        0.0000000000000000        0.0000000000000000        0.0000000000000000        0.0000000000000000        0.0000000000000000        0.0000000000000000     
   0.0000000000000000        8.3743842364532002E-004   8.3743842364532002E-004   8.3743842364532002E-004   8.3743842364532002E-004   8.3743842364532002E-004   8.3743842364532002E-004   8.3743842364532002E-004   8.3743842364532002E-004   8.3743842364532002E-004   8.3743842364532002E-004   8.3743842364532002E-004   8.3743842364532002E-004   8.3743842364532002E-004   8.3743842364532002E-004   8.3743842364532002E-004   0.0000000000000000       -2.1518987341772149E-003  -2.1518987341772149E-003  -2.1518987341772149E-003  -2.1518987341772149E-003  -2.1518987341772149E-003  -2.1518987341772149E-003  -2.1518987341772149E-003  -2.1518987341772149E-003   0.0000000000000000        0.0000000000000000        0.0000000000000000        0.0000000000000000        0.0000000000000000        0.0000000000000000        0.0000000000000000        0.0000000000000000        0.0000000000000000        0.0000000000000000        0.0000000000000000     
   0.0000000000000000        8.3743842364532002E-004   8.3743842364532002E-004   8.3743842364532002E-004   8.3743842364532002E-004   8.3743842364532002E-004   8.3743842364532002E-004   8.3743842364532002E-004   8.3743842364532002E-004   8.3743842364532002E-004   8.3743842364532002E-004   8.3743842364532002E-004   8.3743842364532002E-004   8.3743842364532002E-004   8.3743842364532002E-004   8.3743842364532002E-004   8.3743842364532002E-004   0.0000000000000000       -2.1518987341772149E-003  -2.1518987341772149E-003  -2.1518987341772149E-003  -2.1518987341772149E-003  -2.1518987341772149E-003  -2.1518987341772149E-003  -2.1518987341772149E-003   0.0000000000000000        0.0000000000000000        0.0000000000000000        0.0000000000000000        0.0000000000000000        0.0000000000000000        0.0000000000000000        0.0000000000000000        0.0000000000000000        0.0000000000000000        0.0000000000000000     
   0.0000000000000000        8.3743842364532002E-004   8.3743842364532002E-004   8.3743842364532002E-004   8.3743842364532002E-004   8.3743842364532002E-004   8.3743842364532002E-004   8.3743842364532002E-004   8.3743842364532002E-004   8.3743842364532002E-004   8.3743842364532002E-004   8.3743842364532002E-004   8.3743842364532002E-004   8.3743842364532002E-004   8.3743842364532002E-004   8.3743842364532002E-004   8.3743842364532002E-004   8.3743842364532002E-004   0.0000000000000000       -2.1518987341772149E-003  -2.1518987341772149E-003  -2.1518987341772149E-003  -2.1518987341772149E-003  -2.1518987341772149E-003  -2.1518987341772149E-003   0.0000000000000000        0.0000000000000000        0.0000000000000000        0.0000000000000000        0.0000000000000000        0.0000000000000000        0.0000000000000000        0.0000000000000000        0.0000000000000000        0.0000000000000000        0.0000000000000000     
   0.0000000000000000        8.3743842364532013E-004   8.3743842364532013E-004   8.3743842364532013E-004   8.3743842364532013E-004   8.3743842364532013E-004   8.3743842364532013E-004   8.3743842364532013E-004   8.3743842364532013E-004   8.3743842364532013E-004   8.3743842364532013E-004   8.3743842364532013E-004   8.3743842364532013E-004   8.3743842364532013E-004   8.3743842364532013E-004   8.3743842364532013E-004   8.3743842364532013E-004   8.3743842364532013E-004   0.0000000000000000        0.0000000000000000       -2.1518987341772153E-003  -2.1518987341772153E-003  -2.1518987341772153E-003  -2.1518987341772153E-003  -2.1518987341772153E-003   0.0000000000000000        0.0000000000000000        0.0000000000000000        0.0000000000000000        0.0000000000000000        0.0000000000000000        0.0000000000000000        0.0000000000000000        0.0000000000000000        0.0000000000000000        0.0000000000000000     
   0.0000000000000000        8.3743842364532002E-004   8.3743842364532002E-004   8.3743842364532002E-004   8.3743842364532002E-004   8.3743842364532002E-004   8.3743842364532002E-004   8.3743842364532002E-004   8.3743842364532002E-004   8.3743842364532002E-004   8.3743842364532002E-004   8.3743842364532002E-004   8.3743842364532002E-004   8.3743842364532002E-004   8.3743842364532002E-004   8.3743842364532002E-004   8.3743842364532002E-004   8.3743842364532002E-004   0.0000000000000000        0.0000000000000000       -2.1518987341772149E-003  -2.1518987341772149E-003  -2.1518987341772149E-003  -2.1518987341772149E-003  -2.1518987341772149E-003  -2.1518987341772149E-003  -2.1518987341772149E-003   0.0000000000000000        0.0000000000000000        0.0000000000000000        0.0000000000000000        0.0000000000000000        0.0000000000000000        0.0000000000000000        0.0000000000000000        0.0000000000000000     
   0.0000000000000000        0.0000000000000000        8.3743842364532002E-004   8.3743842364532002E-004   8.3743842364532002E-004   8.3743842364532002E-004   8.3743842364532002E-004   8.3743842364532002E-004   8.3743842364532002E-004   8.3743842364532002E-004   8.3743842364532002E-004   8.3743842364532002E-004   8.3743842364532002E-004   8.3743842364532002E-004   8.3743842364532002E-004   8.3743842364532002E-004   8.3743842364532002E-004   8.3743842364532002E-004   0.0000000000000000        0.0000000000000000        0.0000000000000000       -2.1518987341772149E-003  -2.1518987341772149E-003  -2.1518987341772149E-003  -2.1518987341772149E-003  -2.1518987341772149E-003  -2.1518987341772149E-003   0.0000000000000000        0.0000000000000000        0.0000000000000000        0.0000000000000000        0.0000000000000000        0.0000000000000000        0.0000000000000000        0.0000000000000000        0.0000000000000000     
   0.0000000000000000        0.0000000000000000        8.3743842364532002E-004   8.3743842364532002E-004   8.3743842364532002E-004   8.3743842364532002E-004   8.3743842364532002E-004   8.3743842364532002E-004   8.3743842364532002E-004   8.3743842364532002E-004   8.3743842364532002E-004   8.3743842364532002E-004   8.3743842364532002E-004   8.3743842364532002E-004   8.3743842364532002E-004   8.3743842364532002E-004   8.3743842364532002E-004   8.3743842364532002E-004   0.0000000000000000        0.0000000000000000        0.0000000000000000       -2.1518987341772149E-003  -2.1518987341772149E-003  -2.1518987341772149E-003  -2.1518987341772149E-003  -2.1518987341772149E-003  -2.1518987341772149E-003   0.0000000000000000        0.0000000000000000        0.0000000000000000        0.0000000000000000        0.0000000000000000        0.0000000000000000        0.0000000000000000        0.0000000000000000        0.0000000000000000     
   0.0000000000000000        0.0000000000000000        8.3743842364532002E-004   8.3743842364532002E-004   8.3743842364532002E-004   8.3743842364532002E-004   8.3743842364532002E-004   8.3743842364532002E-004   8.3743842364532002E-004   8.3743842364532002E-004   8.3743842364532002E-004   8.3743842364532002E-004   8.3743842364532002E-004   8.3743842364532002E-004   8.3743842364532002E-004   8.3743842364532002E-004   8.3743842364532002E-004   8.3743842364532002E-004   0.0000000000000000        0.0000000000000000        0.0000000000000000        0.0000000000000000       -2.1518987341772149E-003  -2.1518987341772149E-003  -2.1518987341772149E-003  -2.1518987341772149E-003  -2.1518987341772149E-003   0.0000000000000000        0.0000000000000000        0.0000000000000000        0.0000000000000000        0.0000000000000000        0.0000000000000000        0.0000000000000000        0.0000000000000000        0.0000000000000000     
   0.0000000000000000        0.0000000000000000        8.3743842364532002E-004   8.3743842364532002E-004   8.3743842364532002E-004   8.3743842364532002E-004   8.3743842364532002E-004   8.3743842364532002E-004   8.3743842364532002E-004   8.3743842364532002E-004   8.3743842364532002E-004   8.3743842364532002E-004   8.3743842364532002E-004   8.3743842364532002E-004   8.3743842364532002E-004   8.3743842364532002E-004   8.3743842364532002E-004   8.3743842364532002E-004   0.0000000000000000        0.0000000000000000        0.0000000000000000        0.0000000000000000       -2.1518987341772149E-003  -2.1518987341772149E-003  -2.1518987341772149E-003  -2.1518987341772149E-003  -2.1518987341772149E-003   0.0000000000000000        0.0000000000000000        0.0000000000000000        0.0000000000000000        0.0000000000000000        0.0000000000000000        0.0000000000000000        0.0000000000000000        0.0000000000000000     
   0.0000000000000000        0.0000000000000000        0.0000000000000000        0.0000000000000000        8.3743842364532002E-004   8.3743842364532002E-004   8.3743842364532002E-004   8.3743842364532002E-004   8.3743842364532002E-004   8.3743842364532002E-004   8.3743842364532002E-004   8.3743842364532002E-004   8.3743842364532002E-004   8.3743842364532002E-004   8.3743842364532002E-004   8.3743842364532002E-004   8.3743842364532002E-004   8.3743842364532002E-004   0.0000000000000000        0.0000000000000000        0.0000000000000000        0.0000000000000000       -2.1518987341772149E-003  -2.1518987341772149E-003  -2.1518987341772149E-003  -2.1518987341772149E-003  -2.1518987341772149E-003   0.0000000000000000        0.0000000000000000        0.0000000000000000        0.0000000000000000        0.0000000000000000        0.0000000000000000        0.0000000000000000        0.0000000000000000        0.0000000000000000     
   0.0000000000000000        0.0000000000000000        0.0000000000000000        0.0000000000000000        8.3743842364532035E-004   8.3743842364532035E-004   8.3743842364532035E-004   8.3743842364532035E-004   8.3743842364532035E-004   8.3743842364532035E-004   8.3743842364532035E-004   8.3743842364532035E-004   8.3743842364532035E-004   8.3743842364532035E-004   8.3743842364532035E-004   8.3743842364532035E-004   8.3743842364532035E-004   8.3743842364532035E-004   0.0000000000000000        0.0000000000000000        0.0000000000000000        0.0000000000000000       -2.1518987341772153E-003  -2.1518987341772153E-003  -2.1518987341772153E-003  -2.1518987341772153E-003  -2.1518987341772153E-003   0.0000000000000000        0.0000000000000000        0.0000000000000000        0.0000000000000000        0.0000000000000000        0.0000000000000000        0.0000000000000000        0.0000000000000000        0.0000000000000000     
   0.0000000000000000        0.0000000000000000        0.0000000000000000        0.0000000000000000        8.3743842364532002E-004   8.3743842364532002E-004   8.3743842364532002E-004   8.3743842364532002E-004   8.3743842364532002E-004   8.3743842364532002E-004   8.3743842364532002E-004   8.3743842364532002E-004   8.3743842364532002E-004   8.3743842364532002E-004   8.3743842364532002E-004   8.3743842364532002E-004   8.3743842364532002E-004   8.3743842364532002E-004   8.3743842364532002E-004   0.0000000000000000        0.0000000000000000        0.0000000000000000       -2.1518987341772149E-003  -2.1518987341772149E-003  -2.1518987341772149E-003  -2.1518987341772149E-003  -2.1518987341772149E-003   0.0000000000000000        0.0000000000000000        0.0000000000000000        0.0000000000000000        0.0000000000000000        0.0000000000000000        0.0000000000000000        0.0000000000000000        0.0000000000000000     
   0.0000000000000000        0.0000000000000000        0.0000000000000000        0.0000000000000000        0.0000000000000000       -5.3571428571428563E-004  -5.3571428571428563E-004  -5.3571428571428563E-004  -5.3571428571428563E-004  -5.3571428571428563E-004  -5.3571428571428563E-004  -5.3571428571428563E-004  -5.3571428571428563E-004  -5.3571428571428563E-004  -5.3571428571428563E-004  -5.3571428571428563E-004  -5.3571428571428563E-004  -5.3571428571428563E-004  -5.3571428571428563E-004   0.0000000000000000        0.0000000000000000        0.0000000000000000        1.1538461538461537E-003   1.1538461538461537E-003   1.1538461538461537E-003   1.1538461538461537E-003   1.1538461538461537E-003   0.0000000000000000        0.0000000000000000        0.0000000000000000        0.0000000000000000        0.0000000000000000        0.0000000000000000        0.0000000000000000        0.0000000000000000        0.0000000000000000     
   0.0000000000000000        0.0000000000000000        0.0000000000000000        0.0000000000000000        0.0000000000000000       -5.3571428571428563E-004  -5.3571428571428563E-004  -5.3571428571428563E-004  -5.3571428571428563E-004  -5.3571428571428563E-004  -5.3571428571428563E-004  -5.3571428571428563E-004  -5.3571428571428563E-004  -5.3571428571428563E-004  -5.3571428571428563E-004  -5.3571428571428563E-004  -5.3571428571428563E-004  -5.3571428571428563E-004  -5.3571428571428563E-004   0.0000000000000000        0.0000000000000000        1.1538461538461537E-003   1.1538461538461537E-003   1.1538461538461537E-003   1.1538461538461537E-003   1.1538461538461537E-003   1.1538461538461537E-003   1.1538461538461537E-003   0.0000000000000000        0.0000000000000000        0.0000000000000000        0.0000000000000000        0.0000000000000000        0.0000000000000000        0.0000000000000000        0.0000000000000000     
   0.0000000000000000        0.0000000000000000        0.0000000000000000        0.0000000000000000        0.0000000000000000       -5.3571428571428563E-004  -5.3571428571428563E-004  -5.3571428571428563E-004  -5.3571428571428563E-004  -5.3571428571428563E-004  -5.3571428571428563E-004  -5.3571428571428563E-004  -5.3571428571428563E-004  -5.3571428571428563E-004  -5.3571428571428563E-004  -5.3571428571428563E-004  -5.3571428571428563E-004  -5.3571428571428563E-004  -5.3571428571428563E-004   0.0000000000000000        0.0000000000000000        1.1538461538461537E-003   1.1538461538461537E-003   1.1538461538461537E-003   1.1538461538461537E-003   1.1538461538461537E-003   1.1538461538461537E-003   1.1538461538461537E-003   0.0000000000000000        0.0000000000000000        0.0000000000000000        0.0000000000000000        0.0000000000000000        0.0000000000000000        0.0000000000000000        0.0000000000000000     
   0.0000000000000000        0.0000000000000000        0.0000000000000000        0.0000000000000000        0.0000000000000000       -5.3571428571428563E-004  -5.3571428571428563E-004  -5.3571428571428563E-004  -5.3571428571428563E-004  -5.3571428571428563E-004  -5.3571428571428563E-004  -5.3571428571428563E-004  -5.3571428571428563E-004  -5.3571428571428563E-004  -5.3571428571428563E-004  -5.3571428571428563E-004  -5.3571428571428563E-004  -5.3571428571428563E-004  -5.3571428571428563E-004   0.0000000000000000        0.0000000000000000        1.1538461538461537E-003   1.1538461538461537E-003   1.1538461538461537E-003   1.1538461538461537E-003   1.1538461538461537E-003   1.1538461538461537E-003   1.1538461538461537E-003   0.0000000000000000        0.0000000000000000        0.0000000000000000        0.0000000000000000        0.0000000000000000        0.0000000000000000        0.0000000000000000        0.0000000000000000     
   0.0000000000000000        0.0000000000000000        0.0000000000000000        0.0000000000000000        0.0000000000000000        0.0000000000000000        0.0000000000000000        0.0000000000000000        0.0000000000000000        0.0000000000000000        0.0000000000000000        0.0000000000000000        0.0000000000000000        0.0000000000000000        0.0000000000000000        0.0000000000000000        0.0000000000000000        0.0000000000000000        0.0000000000000000        0.0000000000000000        0.0000000000000000        0.0000000000000000        0.0000000000000000        0.0000000000000000        0.0000000000000000        0.0000000000000000        0.0000000000000000        0.0000000000000000        0.0000000000000000        0.0000000000000000        0.0000000000000000        0.0000000000000000        0.0000000000000000        0.0000000000000000        0.0000000000000000        0.0000000000000000     
   0.0000000000000000        0.0000000000000000        0.0000000000000000        0.0000000000000000        0.0000000000000000        0.0000000000000000        0.0000000000000000        0.0000000000000000        0.0000000000000000        0.0000000000000000        0.0000000000000000        0.0000000000000000        0.0000000000000000        0.0000000000000000        0.0000000000000000        0.0000000000000000        0.0000000000000000        0.0000000000000000        0.0000000000000000        0.0000000000000000        0.0000000000000000        0.0000000000000000        0.0000000000000000        0.0000000000000000        0.0000000000000000        0.0000000000000000        0.0000000000000000        0.0000000000000000        0.0000000000000000        0.0000000000000000        0.0000000000000000        0.0000000000000000        0.0000000000000000        0.0000000000000000        0.0000000000000000        0.0000000000000000     
   0.0000000000000000        0.0000000000000000        0.0000000000000000        0.0000000000000000        0.0000000000000000        0.0000000000000000        0.0000000000000000        0.0000000000000000        0.0000000000000000        0.0000000000000000        0.0000000000000000        0.0000000000000000        0.0000000000000000        0.0000000000000000        0.0000000000000000        0.0000000000000000        0.0000000000000000        0.0000000000000000        0.0000000000000000        0.0000000000000000        0.0000000000000000        0.0000000000000000        0.0000000000000000        0.0000000000000000        0.0000000000000000        0.0000000000000000        0.0000000000000000        0.0000000000000000        0.0000000000000000        0.0000000000000000        0.0000000000000000        0.0000000000000000        0.0000000000000000        0.0000000000000000        0.0000000000000000        0.0000000000000000     
   0.0000000000000000        0.0000000000000000        0.0000000000000000        0.0000000000000000        0.0000000000000000        0.0000000000000000        0.0000000000000000        0.0000000000000000        0.0000000000000000        0.0000000000000000        0.0000000000000000        0.0000000000000000        0.0000000000000000        0.0000000000000000        0.0000000000000000        0.0000000000000000        0.0000000000000000        0.0000000000000000        0.0000000000000000        0.0000000000000000        0.0000000000000000        0.0000000000000000        0.0000000000000000        0.0000000000000000        0.0000000000000000        0.0000000000000000        0.0000000000000000        0.0000000000000000        0.0000000000000000        0.0000000000000000        0.0000000000000000        0.0000000000000000        0.0000000000000000        0.0000000000000000        0.0000000000000000        0.0000000000000000     
   0.0000000000000000        0.0000000000000000        0.0000000000000000        0.0000000000000000        0.0000000000000000        0.0000000000000000        0.0000000000000000        0.0000000000000000        0.0000000000000000        0.0000000000000000        0.0000000000000000        0.0000000000000000        0.0000000000000000        0.0000000000000000        0.0000000000000000        0.0000000000000000        0.0000000000000000        0.0000000000000000        0.0000000000000000        0.0000000000000000        0.0000000000000000        0.0000000000000000        0.0000000000000000        0.0000000000000000        0.0000000000000000        0.0000000000000000        0.0000000000000000        0.0000000000000000        0.0000000000000000        0.0000000000000000        0.0000000000000000        0.0000000000000000        0.0000000000000000        0.0000000000000000        0.0000000000000000        0.0000000000000000     
   0.0000000000000000        0.0000000000000000        0.0000000000000000        0.0000000000000000        0.0000000000000000        0.0000000000000000        0.0000000000000000        0.0000000000000000        0.0000000000000000        0.0000000000000000        0.0000000000000000        0.0000000000000000        0.0000000000000000        0.0000000000000000        0.0000000000000000        0.0000000000000000        0.0000000000000000        0.0000000000000000        0.0000000000000000        0.0000000000000000        0.0000000000000000        0.0000000000000000        0.0000000000000000        0.0000000000000000        0.0000000000000000        0.0000000000000000        0.0000000000000000        0.0000000000000000        0.0000000000000000        0.0000000000000000        0.0000000000000000        0.0000000000000000        0.0000000000000000        0.0000000000000000        0.0000000000000000        0.0000000000000000     
   0.0000000000000000        0.0000000000000000        0.0000000000000000        0.0000000000000000        0.0000000000000000        0.0000000000000000        0.0000000000000000        0.0000000000000000        0.0000000000000000        0.0000000000000000        0.0000000000000000        0.0000000000000000        0.0000000000000000        0.0000000000000000        0.0000000000000000        0.0000000000000000        0.0000000000000000        0.0000000000000000        0.0000000000000000        0.0000000000000000        0.0000000000000000        0.0000000000000000        0.0000000000000000        0.0000000000000000        0.0000000000000000        0.0000000000000000        0.0000000000000000        0.0000000000000000        0.0000000000000000        0.0000000000000000        0.0000000000000000        0.0000000000000000        0.0000000000000000        0.0000000000000000        0.0000000000000000        0.0000000000000000     
   0.0000000000000000        0.0000000000000000        0.0000000000000000        0.0000000000000000        0.0000000000000000        0.0000000000000000        0.0000000000000000        0.0000000000000000        0.0000000000000000        0.0000000000000000        0.0000000000000000        0.0000000000000000        0.0000000000000000        0.0000000000000000        0.0000000000000000        0.0000000000000000        0.0000000000000000        0.0000000000000000        0.0000000000000000        0.0000000000000000        0.0000000000000000        0.0000000000000000        0.0000000000000000        0.0000000000000000        0.0000000000000000        0.0000000000000000        0.0000000000000000        0.0000000000000000        0.0000000000000000        0.0000000000000000        0.0000000000000000        0.0000000000000000        0.0000000000000000        0.0000000000000000        0.0000000000000000        0.0000000000000000     
